10000 1 0.0000000000 0
10000 1 0.0000000000 0
10000000 2 0.0000000000 0
10001000 2 0.0000000000 0
10002000 2 0.0000000000 0
10003000 2 0.0000000000 0
10004000 2 0.0000000000 0
10005000 2 0.0000000000 0
10006000 2 0.0000000000 0
10007000 2 0.0000000000 0
10008000 2 0.0000000000 0
10009000 2 0.0000000000 0
10010000 2 0.0000000000 0
10011000 2 0.0000000000 0
10012000 2 0.0000000000 0
10013000 2 0.0000000000 0
10014000 2 0.0000000000 0
10015000 2 0.0000000000 0
10016000 2 0.0000000000 0
10017000 2 0.0000000000 0
10018000 2 0.0000000000 0
10019000 2 0.0000000000 0
10000000 2 0.0000000000 0
10001000 2 0.0000000000 0
10002000 2 0.0000000000 0
10003000 2 0.0000000000 0
10004000 2 0.0000000000 0
10005000 2 0.0000000000 0
10006000 2 0.0000000000 0
10007000 2 0.0000000000 0
10008000 2 0.0000000000 0
10009000 2 0.0000000000 0
10010000 2 0.0000000000 0
10011000 2 0.0000000000 0
10012000 2 0.0000000000 0
10013000 2 0.0000000000 0
10014000 2 0.0000000000 0
10015000 2 0.0000000000 0
10016000 2 0.0000000000 0
10017000 2 0.0000000000 0
10018000 2 0.0000000000 0
10019000 2 0.0000000000 0
10000000 2 0.0000000000 0
10001000 2 0.0000000000 0
10002000 2 0.0000000000 0
10003000 2 0.0000000000 0
10004000 2 0.0000000000 0
10005000 2 0.0000000000 0
10006000 2 0.0000000000 0
10007000 2 0.0000000000 0
10008000 2 0.0000000000 0
10009000 2 0.0000000000 0
10010000 2 0.0000000000 0
10011000 2 0.0000000000 0
10012000 2 0.0000000000 0
10013000 2 0.0000000000 0
10014000 2 0.0000000000 0
10015000 2 0.0000000000 0
10016000 2 0.0000000000 0
10017000 2 0.0000000000 0
10018000 2 0.0000000000 0
10019000 2 0.0000000000 0
10000000 2 0.0000018110 17
10001000 2 0.0000006580 17
10002000 2 0.0000005930 17
10003000 2 0.0000003450 17
10004000 2 0.0000006330 17
10005000 2 0.0000004360 17
10006000 2 0.0000004770 17
10007000 2 0.0000007910 17
10008000 2 0.0000006860 17
10009000 2 0.0000011060 17
10010000 2 0.0000004950 17
10011000 2 0.0000006220 17
10012000 2 0.0000003890 17
10013000 2 0.0000007050 17
10014000 2 0.0000004400 17
10015000 2 0.0000005660 17
10016000 2 0.0000005840 17
10017000 2 0.0000005590 17
10018000 2 0.0000003710 17
10019000 2 0.0000006930 17
10000000 2 0.0000029230 17
10001000 2 0.0000007360 17
10002000 2 0.0000010380 17
10003000 2 0.0000006110 17
10004000 2 0.0000013830 17
10005000 2 0.0000006870 17
10006000 2 0.0000006050 17
10007000 2 0.0000014670 17
10008000 2 0.0000006350 17
10009000 2 0.0000009470 17
10010000 2 0.0000006890 17
10011000 2 0.0000003410 17
10012000 2 0.0000004100 17
10013000 2 0.0000006130 17
10014000 2 0.0000003850 17
10015000 2 0.0000003540 17
10016000 2 0.0000005500 17
10017000 2 0.0000006250 17
10018000 2 0.0000005610 17
10019000 2 0.0000005830 17
10000000 2 0.0000018680 17
10001000 2 0.0000006500 17
10002000 2 0.0000006360 17
10003000 2 0.0000004030 17
10004000 2 0.0000006390 17
10005000 2 0.0000005410 17
10006000 2 0.0000008100 17
10007000 2 0.0000007470 17
10008000 2 0.0000009950 17
10009000 2 0.0000006300 17
10010000 2 0.0000004480 17
10011000 2 0.0000006820 17
10012000 2 0.0000004460 17
10013000 2 0.0000003900 17
10014000 2 0.0000006870 17
10015000 2 0.0000007170 17
10016000 2 0.0000008000 17
10017000 2 0.0000007790 17
10018000 2 0.0000006020 17
10019000 2 0.0000007730 17
10000 5 0.0000000000 0
10100 5 0.0000000000 0
10200 5 0.0000000000 0
10300 5 0.0000000000 0
10400 5 0.0000000000 0
10000 5 0.0000000000 0
10100 5 0.0000000000 0
10200 5 0.0000000000 0
10300 5 0.0000000000 0
10400 5 0.0000000000 0
10000 5 0.0000000000 0
10100 5 0.0000000000 0
10200 5 0.0000000000 0
10300 5 0.0000000000 0
10400 5 0.0000000000 0
10000 5 0.0000002570 10
10100 5 0.0000002780 10
10200 5 0.0000002440 10
10300 5 0.0000002280 10
10400 5 0.0000002650 10
10000 5 0.0000000000 0
10100 5 0.0000000000 0
10200 5 0.0000000000 0
10300 5 0.0000000000 0
10400 5 0.0000000000 0
10000 5 0.0000000000 0
10100 5 0.0000000000 0
10200 5 0.0000000000 0
10300 5 0.0000000000 0
10400 5 0.0000000000 0
10000 5 0.0000002430 10
10100 5 0.0000002680 10
10200 5 0.0000002080 10
10300 5 0.0000002640 10
10400 5 0.0000002280 10
1000000000 100 0.0000000000 0
1000000000 100 0.0000000000 0
500000000 10 0.0000000000 0
2000000000 10 0.0000000000 0
2100000000 10 0.0000000000 0
2110000000 10 0.0000000000 0
