10 200 0.0000000690 3
10010 200 0.0000004540 109
20010 200 0.0000008740 269
30010 200 0.0000007920 253
40010 200 0.0000009920 209
50010 200 0.0000011270 281
60010 200 0.0000017280 474
70010 200 0.0000014820 314
80010 200 0.0000019670 486
90010 200 0.0000014820 309
100010 200 0.0000016720 469
110010 200 0.0000016790 449
120010 200 0.0000020310 639
130010 200 0.0000017710 410
140010 200 0.0000021360 507
150010 200 0.0000024050 627
160010 200 0.0000020320 409
170010 200 0.0000027010 677
180010 200 0.0000024430 657
190010 200 0.0000028710 785
200010 200 0.0000026140 647
210010 200 0.0000025270 703
220010 200 0.0000024450 517
230010 200 0.0000027060 569
240010 200 0.0000032810 889
250010 200 0.0000024700 509
260010 200 0.0000033170 929
270010 200 0.0000026400 649
280010 200 0.0000032680 697
290010 200 0.0000027800 566
300010 200 0.0000033950 801
310010 200 0.0000032680 874
320010 200 0.0000037120 785
330010 200 0.0000038350 1107
340010 200 0.0000033860 703
350010 200 0.0000031160 729
360010 200 0.0000034880 609
370010 200 0.0000036640 953
380010 200 0.0000041910 1169
390010 200 0.0000031640 634
400010 200 0.0000073160 1217
410010 200 0.0000041420 1049
420010 200 0.0000036590 753
430010 200 0.0000040210 985
440010 200 0.0000042600 1103
450010 200 0.0000044460 1110
460010 200 0.0000045980 1003
470010 200 0.0000039480 785
480010 200 0.0000048000 1146
490010 200 0.0000040090 709
500010 200 0.0000041770 867
510010 200 0.0000042980 927
520010 200 0.0000044900 889
530010 200 0.0000040380 753
540010 200 0.0000053520 1254
550010 200 0.0000048570 929
560010 200 0.0000050460 1253
570010 200 0.0000059850 1494
580010 200 0.0000046750 889
590010 200 0.0000062460 953
600010 200 0.0000046990 934
610010 200 0.0000046470 829
620010 200 0.0000059600 1427
630010 200 0.0000056830 1161
640010 200 0.0000049240 809
650010 200 0.0000053140 1179
660010 200 0.0000063970 1477
670010 200 0.0000051570 886
680010 200 0.0000056400 1034
690010 200 0.0000050660 1110
700010 200 0.0000065410 1114
710010 200 0.0000053850 1046
720010 200 0.0000050450 906
730010 200 0.0000061430 1547
740010 200 0.0000054840 1269
750010 200 0.0000053960 919
760010 200 0.0000059980 1369
770010 200 0.0000053560 881
780010 200 0.0000058980 1203
790010 200 0.0000064360 1466
800010 200 0.0000065690 1667
810010 200 0.0000054940 909
820010 200 0.0000056320 985
830010 200 0.0000060730 999
840010 200 0.0000062830 954
850010 200 0.0000070050 1769
860010 200 0.0000073390 1607
870010 200 0.0000063180 1386
880010 200 0.0000083350 1103
890010 200 0.0000074880 1703
900010 200 0.0000060370 1306
910010 200 0.0000078050 1801
920010 200 0.0000068240 1287
930010 200 0.0000073380 1677
940010 200 0.0000064710 1049
950010 200 0.0000072730 1334
960010 200 0.0000074670 1569
970010 200 0.0000080510 1754
980010 200 0.0000083300 1889
990010 200 0.0000089810 1974
1000010 200 0.0000065590 1009
1010010 200 0.0000090600 1994
1020010 200 0.0000084660 1929
1030010 200 0.0000077520 1814
1040010 200 0.0000083880 1649
1050010 200 0.0000204180 1434
1060010 200 0.0000073910 1169
1070010 200 0.0000082610 1887
1080010 200 0.0000078760 1527
1090010 200 0.0000086650 1117
1100010 200 0.0000083870 1706
1110010 200 0.0000088490 1201
1120010 200 0.0000081190 1703
1130010 200 0.0000079750 1103
1140010 200 0.0000087990 1521
1150010 200 0.0000094600 1897
1160010 200 0.0000082470 1157
1170010 200 0.0000081130 1449
1180010 200 0.0000086820 1699
1190010 200 0.0000092910 1910
1200010 200 0.0000095890 2079
1210010 200 0.0000081550 1109
1220010 200 0.0000084370 1194
1230010 200 0.0000082280 1237
1240010 200 0.0000085310 1241
1250010 200 0.0000086420 1203
1260010 200 0.0000078690 1126
1270010 200 0.0000103720 2134
1280010 200 0.0000093500 1979
1290010 200 0.0000094900 1785
1300010 200 0.0000090170 1549
1310010 200 0.0000086110 1274
1320010 200 0.0000096420 2106
1330010 200 0.0000096200 1753
1340010 200 0.0000088160 1361
1350010 200 0.0000106890 2089
1360010 200 0.0000093890 1619
1370010 200 0.0000109260 2279
1380010 200 0.0000095800 1734
1390010 200 0.0000117400 2326
1400010 200 0.0000102080 1703
1410010 200 0.0000106030 2227
1420010 200 0.0000100190 1529
1430010 200 0.0000104540 1985
1440010 200 0.0000101190 1209
1450010 200 0.0000098130 1597
1460010 200 0.0000106860 1953
1470010 200 0.0000115760 2277
1480010 200 0.0000121290 1354
1490010 200 0.0000103050 1610
1500010 200 0.0000108310 1834
1510010 200 0.0000109630 2026
1520010 200 0.0000110490 2186
1530010 200 0.0000111250 2314
1540010 200 0.0000119890 2410
1550010 200 0.0000126230 2474
1560010 200 0.0000104980 1257
1570010 200 0.0000095130 1253
1580010 200 0.0000122310 2474
1590010 200 0.0000116830 2410
1600010 200 0.0000119550 2314
1610010 200 0.0000128320 2186
1620010 200 0.0000114640 2026
1630010 200 0.0000122310 1834
1640010 200 0.0000213810 1610
1650010 200 0.0000106330 1354
1660010 200 0.0000123450 2353
1670010 200 0.0000111990 2037
1680010 200 0.0000118220 1689
1690010 200 0.0000114800 1309
1700010 200 0.0000124070 2201
1710010 200 0.0000116800 1761
1720010 200 0.0000128170 2599
1730010 200 0.0000118690 2099
1740010 200 0.0000107970 1567
1750010 200 0.0000177350 2326
1760010 200 0.0000110120 1734
1770010 200 0.0000141800 2439
1780010 200 0.0000118620 1787
1790010 200 0.0000132750 2441
1800010 200 0.0000123000 1729
1810010 200 0.0000135920 2329
1820010 200 0.0000123860 1557
1830010 200 0.0000127040 2106
1840010 200 0.0000134980 2629
1850010 200 0.0000120960 1769
1860010 200 0.0000126000 2241
1870010 200 0.0000143600 2687
1880010 200 0.0000124110 1739
1890010 200 0.0000124760 2134
1900010 200 0.0000138220 2503
1910010 200 0.0000125250 1467
1920010 200 0.0000126630 1785
1930010 200 0.0000124390 2077
1940010 200 0.0000136400 2346
1950010 200 0.0000143490 2589
1960010 200 0.0000118040 1409
1970010 200 0.0000120140 1601
1980010 200 0.0000127230 1767
1990010 200 0.0000147790 1910
2000010 200 0.0000149450 2027
2010010 200 0.0000128360 2121
2020010 200 0.0000149720 2189
2030010 200 0.0000153610 2234
2040010 200 0.0000153510 2253
2050010 200 0.0000134200 2249
2060010 200 0.0000131950 2219
2070010 200 0.0000144320 2166
2080010 200 0.0000132390 2087
2090010 200 0.0000134200 1985
2100010 200 0.0000143100 1857
2110010 200 0.0000131780 1706
2120010 200 0.0000130430 1529
2130010 200 0.0000156870 2787
2140010 200 0.0000146120 2566
2150010 200 0.0000134630 2319
2160010 200 0.0000135740 2049
2170010 200 0.0000147340 1753
2180010 200 0.0000157640 2909
2190010 200 0.0000147630 2569
2200010 200 0.0000147360 2203
2210010 200 0.0000131280 1814
2220010 200 0.0000163850 2889
2230010 200 0.0000147760 2453
2240010 200 0.0000142960 1994
2250010 200 0.0000134710 1509
2260010 200 0.0000153150 2503
2270010 200 0.0000154090 1974
2280010 200 0.0000169030 2929
2290010 200 0.0000156670 2353
2300010 200 0.0000152480 1754
2310010 200 0.0000153080 2649
2320010 200 0.0000140790 2003
2330010 200 0.0000162270 2859
2340010 200 0.0000160360 2169
2350010 200 0.0000167170 2986
2360010 200 0.0000339110 2249
2370010 200 0.0000169060 3027
2380010 200 0.0000156130 2246
2390010 200 0.0000174800 2985
2400010 200 0.0000161260 2157
2410010 200 0.0000160500 2857
2420010 200 0.0000147140 1985
2430010 200 0.0000159620 2646
2440010 200 0.0000149760 1727
2450010 200 0.0000157510 2349
2460010 200 0.0000194990 2953
2470010 200 0.0000158630 1969
2480010 200 0.0000159110 2534
2490010 200 0.0000181360 3081
2500010 200 0.0000162600 2029
2510010 200 0.0000192200 2537
2520010 200 0.0000168770 3027
2530010 200 0.0000155420 1910
2540010 200 0.0000174170 2361
2550010 200 0.0000171270 2794
2560010 200 0.0000250990 1609
2570010 200 0.0000158110 2003
2580010 200 0.0000160850 2379
2590010 200 0.0000181930 2737
2600010 200 0.0000184950 3077
2610010 200 0.0000165690 1785
2620010 200 0.0000162500 2086
2630010 200 0.0000178420 2369
2640010 200 0.0000173080 2634
2650010 200 0.0000174490 2881
2660010 200 0.0000179570 3110
2670010 200 0.0000156990 1687
2680010 200 0.0000161230 1877
2690010 200 0.0000204970 2049
2700010 200 0.0000168170 2203
2710010 200 0.0000180040 2339
2720010 200 0.0000182710 2457
2730010 200 0.0000191520 2557
2740010 200 0.0000171320 2639
2750010 200 0.0000195240 2703
2760010 200 0.0000169060 2749
2770010 200 0.0000325180 2777
2780010 200 0.0000187460 2787
2790010 200 0.0000189310 2779
2800010 200 0.0000199270 2753
2810010 200 0.0000197330 2709
2820010 200 0.0000183750 2647
2830010 200 0.0000180670 2567
2840010 200 0.0000218100 2469
2850010 200 0.0000200930 2353
2860010 200 0.0000220080 2219
2870010 200 0.0000170110 2067
2880010 200 0.0000181200 1897
2890010 200 0.0000169850 1709
2900010 200 0.0000214370 3206
2910010 200 0.0000192530 2985
2920010 200 0.0000204890 2746
2930010 200 0.0000183810 2489
2940010 200 0.0000173260 2214
2950010 200 0.0000225900 1921
2960010 200 0.0000200010 3329
2970010 200 0.0000201320 3003
2980010 200 0.0000228270 2659
2990010 200 0.0000201030 2297
